2576	432
1	0	0	48	158	1	
0	0	1	-16	-192	2	16	432	
1	0	1	0	174	2	160	80	
1	14	1	1920	222	2	128	32	
0	14	1	2032	62	2	16	160	
0	15	1	2048	0	2	32	432	
1	15	1	2080	238	2	496	16	
1	14	3	1968	190	2	48	0	
1	1	15	224	174	16	
1	1	15	240	174	16	
1	1	15	256	174	16	
1	2	15	272	174	16	
1	2	15	384	158	16	
1	2	15	400	158	16	
1	3	15	416	158	16	
1	3	15	432	158	16	
1	3	15	448	158	16	
0	4	15	608	110	16	
0	4	15	624	110	16	
0	4	2	640	110	3	0	1	
0	4	15	656	110	16	
1	4	15	640	190	16	
1	4	15	656	190	16	
1	5	15	752	190	16	
1	5	15	752	174	16	
1	5	15	752	158	16	
1	5	15	752	142	16	
1	5	15	768	190	16	
1	5	15	784	190	16	
1	5	15	800	190	16	
1	6	15	864	158	16	
1	6	15	864	174	16	
1	6	15	864	190	16	
1	6	15	864	206	16	
1	6	15	880	206	16	
1	6	15	896	206	16	
1	6	15	944	158	16	
1	6	15	944	174	16	
1	7	2	960	174	3	1	0		
1	7	15	960	222	16	
1	7	15	976	222	16	
1	7	15	992	222	16	
1	7	15	1008	222	16	
1	7	2	1008	174	3	0	0	
1	7	15	1024	174	16	
1	7	15	1040	174	16	
1	7	15	1056	174	16	
1	7	15	1072	174	16	
1	8	15	1152	206	16	
1	8	15	1168	206	16	
1	8	15	1184	206	16	
1	8	15	1200	206	16	
1	8	15	1216	206	16	
0	8	15	1184	126	16	
0	8	15	1200	126	16	
0	8	15	1216	126	16	
0	9	15	1232	126	16	
0	9	2	1232	110	3	0	1	
1	9	15	1264	190	16	
1	9	15	1280	190	16	
0	10	15	1392	126	16	
0	10	15	1408	126	16	
0	10	15	1424	126	16	
0	11	15	1552	110	16	
0	11	15	1552	126	16	
1	11	15	1552	190	16	
1	11	15	1552	206	16	
1	11	15	1552	222	16	
1	11	15	1568	222	16	
1	11	15	1584	222	16	
1	11	15	1600	222	16	
0	12	15	1728	110	16	
0	12	15	1728	126	16	
1	12	15	1728	142	16	
1	13	15	1776	190	16	
1	13	15	1792	190	16	
1	13	15	1808	190	16	
0	2	8	336	126	12	
0	2	8	352	126	12	
0	2	8	368	126	12	
0	3	8	416	94	12	
0	3	8	432	94	12	
0	3	8	448	94	12	
0	5	8	768	126	12	
0	5	8	784	126	12	
0	5	8	800	126	12	
0	6	8	848	94	12	
0	6	8	864	94	12	
0	6	8	880	94	12	
0	9	8	1328	110	12	
0	9	8	1344	110	12	
0	10	8	1360	110	12	
0	11	8	1520	94	12	
0	11	8	1520	110	12	
0	11	8	1520	126	12	
1	11	8	1520	142	12	
1	11	8	1520	158	12	
1	11	8	1520	174	12	
1	11	8	1520	190	12	
1	11	8	1520	206	12	
0	13	8	1888	126	12	
0	14	8	1904	126	12	
0	14	8	1920	126	12	
1	7	5	1054	142	8	0	
1	14	5	1984	158	8	0	
0	13	17	1870	122	8	0	
1	2	19	368	142	19	
1	4	19	560	174	19	
0	4	19	592	126	19	
1	4	19	624	222	19	
1	5	19	752	158	19	
1	8	19	1088	206	19	
1	8	19	1200	142	19	
1	10	19	1376	174	19	
1	10	19	1408	158	19	
0	11	19	1552	126	19	
1	12	19	1744	206	19	
1	13	19	1776	158	19	
1	13	19	1792	238	19	
1	15	23	2096	210	23	
1	14	14	1936	158	6	32	64	0	1	
1	16	14	2208	206	6	32	32	0	0	
1	18	18	2448	158	18	
